{
 "cells": [
  {
   "cell_type": "code",
   "execution_count": 1,
   "id": "1883fa0a",
   "metadata": {},
   "outputs": [],
   "source": [
    "import requests\n",
    "import json\n",
    "import time\n",
    "import traceback\n",
    "import pymysql\n",
    "import pandas as pd\n",
    "from datetime import datetime\n",
    "import numpy as np\n",
    "import matplotlib.pyplot as plt\n",
    "import pickle"
   ]
  },
  {
   "cell_type": "code",
   "execution_count": 104,
   "id": "d022b1d0",
   "metadata": {},
   "outputs": [],
   "source": [
    "# connect to the database\n",
    "dbikes = pymysql.Connect(\n",
    "    host = \"dbikes.ccike2q3zkya.eu-west-1.rds.amazonaws.com\",\n",
    "    user = \"admin\",\n",
    "    passwd = \"admin2022\",\n",
    "    database = \"dbikes\")"
   ]
  },
  {
   "cell_type": "code",
   "execution_count": 105,
   "id": "fc7e71df",
   "metadata": {},
   "outputs": [],
   "source": [
    "# read database and assign each table to dataframe structure\n",
    "static_station = pd.read_sql_query(\"SELECT * FROM static_station\", dbikes)\n",
    "dynamic_station = pd.read_sql_query(\"SELECT * FROM dynamic_station\", dbikes)\n",
    "dynamic_weather = pd.read_sql_query(\"SELECT * FROM dynamic_weather\", dbikes)"
   ]
  },
  {
   "cell_type": "markdown",
   "id": "d9172b84",
   "metadata": {},
   "source": [
    "# Whole Dataset "
   ]
  },
  {
   "cell_type": "markdown",
   "id": "b5877595",
   "metadata": {},
   "source": [
    "## Data Process : Sample 20% Data for the whole dataset"
   ]
  },
  {
   "cell_type": "code",
   "execution_count": 4,
   "id": "a8e1fb91",
   "metadata": {},
   "outputs": [],
   "source": [
    "# sample 20%\n",
    "static_station_20percent = static_station\n",
    "dynamic_station_20percent = dynamic_station.sample(frac=0.2)\n",
    "dynamic_weather_20percent = dynamic_weather.sample(frac=0.2)"
   ]
  },
  {
   "cell_type": "code",
   "execution_count": 5,
   "id": "336cc371",
   "metadata": {},
   "outputs": [],
   "source": [
    "# drop the duplicate data\n",
    "dynamic_station_20percent = dynamic_station_20percent.drop_duplicates()\n",
    "dynamic_station_20percent = dynamic_station_20percent.dropna()\n",
    "dynamic_weather_20percent = dynamic_weather_20percent.drop_duplicates()\n",
    "dynamic_weather_20percent = dynamic_weather_20percent.dropna()\n",
    "# convert the timestamp to date week and hours\n",
    "dynamic_station_20percent[\"last_update\"] = pd.to_datetime(dynamic_station_20percent[\"last_update\"], unit = \"ms\")\n",
    "dynamic_weather_20percent[\"last_update\"] = pd.to_datetime(dynamic_weather_20percent[\"dt\"], unit = \"s\")\n",
    "# add weekday to table as a column\n",
    "dynamic_station_20percent[\"weekday\"] = dynamic_station_20percent[\"last_update\"].map(lambda x: x.weekday())\n",
    "dynamic_weather_20percent[\"weekday\"] = dynamic_weather_20percent[\"last_update\"].map(lambda x: x.weekday())\n",
    "# add hour to table as a column\n",
    "dynamic_station_20percent[\"hour\"] = pd.to_datetime(dynamic_station_20percent[\"last_update\"], format='%Y-%M-%D %H:%M:%S').dt.hour\n",
    "dynamic_weather_20percent[\"hour\"] = pd.to_datetime(dynamic_weather_20percent[\"last_update\"], format='%Y-%M-%D %H:%M:%S').dt.hour"
   ]
  },
  {
   "cell_type": "code",
   "execution_count": 6,
   "id": "8a59dd38",
   "metadata": {
    "scrolled": true
   },
   "outputs": [],
   "source": [
    "# merge two dynamic dataframe according to the nearest date\n",
    "dynamic_station_20percent = dynamic_station_20percent.sort_values(['last_update'])\n",
    "dynamic_weather_20percent = dynamic_weather_20percent.sort_values(['last_update'])\n",
    "dynamic_weather_20percent = dynamic_weather_20percent.drop(columns=[\"weekday\",\"hour\",\"dt\"])\n",
    "station_weather_20percent = pd.merge_asof(dynamic_station_20percent, dynamic_weather_20percent,\n",
    "                               on = \"last_update\",by = \"number\", \n",
    "                                direction=\"nearest\", tolerance = pd.Timedelta(\"2 hour\"))\n",
    "static_station_20percent = static_station_20percent.drop(columns=[\"name\",\"lat\",\"lng\"])\n",
    "station_weather_20percent = pd.merge(station_weather_20percent,static_station_20percent)\n",
    "station_weather_20percent = station_weather_20percent.dropna()\n",
    "station_weather_20percent = station_weather_20percent.drop_duplicates()"
   ]
  },
  {
   "cell_type": "markdown",
   "id": "f176af13",
   "metadata": {},
   "source": [
    "### Correlation Coefficient Table"
   ]
  },
  {
   "cell_type": "code",
   "execution_count": 7,
   "id": "e34fa8db",
   "metadata": {
    "scrolled": true
   },
   "outputs": [
    {
     "data": {
      "text/html": [
       "<div>\n",
       "<style scoped>\n",
       "    .dataframe tbody tr th:only-of-type {\n",
       "        vertical-align: middle;\n",
       "    }\n",
       "\n",
       "    .dataframe tbody tr th {\n",
       "        vertical-align: top;\n",
       "    }\n",
       "\n",
       "    .dataframe thead th {\n",
       "        text-align: right;\n",
       "    }\n",
       "</style>\n",
       "<table border=\"1\" class=\"dataframe\">\n",
       "  <thead>\n",
       "    <tr style=\"text-align: right;\">\n",
       "      <th></th>\n",
       "      <th>number</th>\n",
       "      <th>available_bike_stands</th>\n",
       "      <th>available_bikes</th>\n",
       "      <th>weekday</th>\n",
       "      <th>hour</th>\n",
       "      <th>lat</th>\n",
       "      <th>lng</th>\n",
       "      <th>temp</th>\n",
       "      <th>pressure</th>\n",
       "      <th>wind_speed</th>\n",
       "      <th>humidity</th>\n",
       "      <th>bike_stands</th>\n",
       "    </tr>\n",
       "  </thead>\n",
       "  <tbody>\n",
       "    <tr>\n",
       "      <th>number</th>\n",
       "      <td>1.000000</td>\n",
       "      <td>0.353479</td>\n",
       "      <td>0.065383</td>\n",
       "      <td>-0.001759</td>\n",
       "      <td>-0.014240</td>\n",
       "      <td>0.181851</td>\n",
       "      <td>-0.219960</td>\n",
       "      <td>-0.006906</td>\n",
       "      <td>0.002091</td>\n",
       "      <td>-0.001837</td>\n",
       "      <td>0.003938</td>\n",
       "      <td>0.553113</td>\n",
       "    </tr>\n",
       "    <tr>\n",
       "      <th>available_bike_stands</th>\n",
       "      <td>0.353479</td>\n",
       "      <td>1.000000</td>\n",
       "      <td>-0.682226</td>\n",
       "      <td>-0.017763</td>\n",
       "      <td>-0.001872</td>\n",
       "      <td>-0.009484</td>\n",
       "      <td>-0.059553</td>\n",
       "      <td>0.010108</td>\n",
       "      <td>-0.005231</td>\n",
       "      <td>0.010523</td>\n",
       "      <td>-0.013372</td>\n",
       "      <td>0.543500</td>\n",
       "    </tr>\n",
       "    <tr>\n",
       "      <th>available_bikes</th>\n",
       "      <td>0.065383</td>\n",
       "      <td>-0.682226</td>\n",
       "      <td>1.000000</td>\n",
       "      <td>0.011709</td>\n",
       "      <td>0.001588</td>\n",
       "      <td>-0.101197</td>\n",
       "      <td>0.070442</td>\n",
       "      <td>-0.010386</td>\n",
       "      <td>-0.003340</td>\n",
       "      <td>-0.007679</td>\n",
       "      <td>0.018618</td>\n",
       "      <td>0.220614</td>\n",
       "    </tr>\n",
       "    <tr>\n",
       "      <th>weekday</th>\n",
       "      <td>-0.001759</td>\n",
       "      <td>-0.017763</td>\n",
       "      <td>0.011709</td>\n",
       "      <td>1.000000</td>\n",
       "      <td>0.019594</td>\n",
       "      <td>0.005032</td>\n",
       "      <td>-0.006838</td>\n",
       "      <td>-0.097666</td>\n",
       "      <td>0.088006</td>\n",
       "      <td>-0.134882</td>\n",
       "      <td>-0.137979</td>\n",
       "      <td>-0.009901</td>\n",
       "    </tr>\n",
       "    <tr>\n",
       "      <th>hour</th>\n",
       "      <td>-0.014240</td>\n",
       "      <td>-0.001872</td>\n",
       "      <td>0.001588</td>\n",
       "      <td>0.019594</td>\n",
       "      <td>1.000000</td>\n",
       "      <td>-0.004180</td>\n",
       "      <td>0.008564</td>\n",
       "      <td>0.124020</td>\n",
       "      <td>0.018022</td>\n",
       "      <td>-0.097743</td>\n",
       "      <td>-0.176783</td>\n",
       "      <td>-0.004371</td>\n",
       "    </tr>\n",
       "    <tr>\n",
       "      <th>lat</th>\n",
       "      <td>0.181851</td>\n",
       "      <td>-0.009484</td>\n",
       "      <td>-0.101197</td>\n",
       "      <td>0.005032</td>\n",
       "      <td>-0.004180</td>\n",
       "      <td>1.000000</td>\n",
       "      <td>-0.064561</td>\n",
       "      <td>-0.010877</td>\n",
       "      <td>0.001050</td>\n",
       "      <td>-0.002151</td>\n",
       "      <td>0.003933</td>\n",
       "      <td>-0.130820</td>\n",
       "    </tr>\n",
       "    <tr>\n",
       "      <th>lng</th>\n",
       "      <td>-0.219960</td>\n",
       "      <td>-0.059553</td>\n",
       "      <td>0.070442</td>\n",
       "      <td>-0.006838</td>\n",
       "      <td>0.008564</td>\n",
       "      <td>-0.064561</td>\n",
       "      <td>1.000000</td>\n",
       "      <td>0.015120</td>\n",
       "      <td>-0.001971</td>\n",
       "      <td>0.004602</td>\n",
       "      <td>-0.000828</td>\n",
       "      <td>0.008519</td>\n",
       "    </tr>\n",
       "    <tr>\n",
       "      <th>temp</th>\n",
       "      <td>-0.006906</td>\n",
       "      <td>0.010108</td>\n",
       "      <td>-0.010386</td>\n",
       "      <td>-0.097666</td>\n",
       "      <td>0.124020</td>\n",
       "      <td>-0.010877</td>\n",
       "      <td>0.015120</td>\n",
       "      <td>1.000000</td>\n",
       "      <td>-0.150843</td>\n",
       "      <td>0.406521</td>\n",
       "      <td>-0.342465</td>\n",
       "      <td>0.003700</td>\n",
       "    </tr>\n",
       "    <tr>\n",
       "      <th>pressure</th>\n",
       "      <td>0.002091</td>\n",
       "      <td>-0.005231</td>\n",
       "      <td>-0.003340</td>\n",
       "      <td>0.088006</td>\n",
       "      <td>0.018022</td>\n",
       "      <td>0.001050</td>\n",
       "      <td>-0.001971</td>\n",
       "      <td>-0.150843</td>\n",
       "      <td>1.000000</td>\n",
       "      <td>-0.475726</td>\n",
       "      <td>-0.300929</td>\n",
       "      <td>0.000327</td>\n",
       "    </tr>\n",
       "    <tr>\n",
       "      <th>wind_speed</th>\n",
       "      <td>-0.001837</td>\n",
       "      <td>0.010523</td>\n",
       "      <td>-0.007679</td>\n",
       "      <td>-0.134882</td>\n",
       "      <td>-0.097743</td>\n",
       "      <td>-0.002151</td>\n",
       "      <td>0.004602</td>\n",
       "      <td>0.406521</td>\n",
       "      <td>-0.475726</td>\n",
       "      <td>1.000000</td>\n",
       "      <td>-0.060655</td>\n",
       "      <td>0.001602</td>\n",
       "    </tr>\n",
       "    <tr>\n",
       "      <th>humidity</th>\n",
       "      <td>0.003938</td>\n",
       "      <td>-0.013372</td>\n",
       "      <td>0.018618</td>\n",
       "      <td>-0.137979</td>\n",
       "      <td>-0.176783</td>\n",
       "      <td>0.003933</td>\n",
       "      <td>-0.000828</td>\n",
       "      <td>-0.342465</td>\n",
       "      <td>-0.300929</td>\n",
       "      <td>-0.060655</td>\n",
       "      <td>1.000000</td>\n",
       "      <td>-0.000058</td>\n",
       "    </tr>\n",
       "    <tr>\n",
       "      <th>bike_stands</th>\n",
       "      <td>0.553113</td>\n",
       "      <td>0.543500</td>\n",
       "      <td>0.220614</td>\n",
       "      <td>-0.009901</td>\n",
       "      <td>-0.004371</td>\n",
       "      <td>-0.130820</td>\n",
       "      <td>0.008519</td>\n",
       "      <td>0.003700</td>\n",
       "      <td>0.000327</td>\n",
       "      <td>0.001602</td>\n",
       "      <td>-0.000058</td>\n",
       "      <td>1.000000</td>\n",
       "    </tr>\n",
       "  </tbody>\n",
       "</table>\n",
       "</div>"
      ],
      "text/plain": [
       "                         number  available_bike_stands  available_bikes  \\\n",
       "number                 1.000000               0.353479         0.065383   \n",
       "available_bike_stands  0.353479               1.000000        -0.682226   \n",
       "available_bikes        0.065383              -0.682226         1.000000   \n",
       "weekday               -0.001759              -0.017763         0.011709   \n",
       "hour                  -0.014240              -0.001872         0.001588   \n",
       "lat                    0.181851              -0.009484        -0.101197   \n",
       "lng                   -0.219960              -0.059553         0.070442   \n",
       "temp                  -0.006906               0.010108        -0.010386   \n",
       "pressure               0.002091              -0.005231        -0.003340   \n",
       "wind_speed            -0.001837               0.010523        -0.007679   \n",
       "humidity               0.003938              -0.013372         0.018618   \n",
       "bike_stands            0.553113               0.543500         0.220614   \n",
       "\n",
       "                        weekday      hour       lat       lng      temp  \\\n",
       "number                -0.001759 -0.014240  0.181851 -0.219960 -0.006906   \n",
       "available_bike_stands -0.017763 -0.001872 -0.009484 -0.059553  0.010108   \n",
       "available_bikes        0.011709  0.001588 -0.101197  0.070442 -0.010386   \n",
       "weekday                1.000000  0.019594  0.005032 -0.006838 -0.097666   \n",
       "hour                   0.019594  1.000000 -0.004180  0.008564  0.124020   \n",
       "lat                    0.005032 -0.004180  1.000000 -0.064561 -0.010877   \n",
       "lng                   -0.006838  0.008564 -0.064561  1.000000  0.015120   \n",
       "temp                  -0.097666  0.124020 -0.010877  0.015120  1.000000   \n",
       "pressure               0.088006  0.018022  0.001050 -0.001971 -0.150843   \n",
       "wind_speed            -0.134882 -0.097743 -0.002151  0.004602  0.406521   \n",
       "humidity              -0.137979 -0.176783  0.003933 -0.000828 -0.342465   \n",
       "bike_stands           -0.009901 -0.004371 -0.130820  0.008519  0.003700   \n",
       "\n",
       "                       pressure  wind_speed  humidity  bike_stands  \n",
       "number                 0.002091   -0.001837  0.003938     0.553113  \n",
       "available_bike_stands -0.005231    0.010523 -0.013372     0.543500  \n",
       "available_bikes       -0.003340   -0.007679  0.018618     0.220614  \n",
       "weekday                0.088006   -0.134882 -0.137979    -0.009901  \n",
       "hour                   0.018022   -0.097743 -0.176783    -0.004371  \n",
       "lat                    0.001050   -0.002151  0.003933    -0.130820  \n",
       "lng                   -0.001971    0.004602 -0.000828     0.008519  \n",
       "temp                  -0.150843    0.406521 -0.342465     0.003700  \n",
       "pressure               1.000000   -0.475726 -0.300929     0.000327  \n",
       "wind_speed            -0.475726    1.000000 -0.060655     0.001602  \n",
       "humidity              -0.300929   -0.060655  1.000000    -0.000058  \n",
       "bike_stands            0.000327    0.001602 -0.000058     1.000000  "
      ]
     },
     "execution_count": 7,
     "metadata": {},
     "output_type": "execute_result"
    }
   ],
   "source": [
    "station_weather_20percent.corr()"
   ]
  },
  {
   "cell_type": "markdown",
   "id": "f3c7dbc5",
   "metadata": {},
   "source": [
    "From the above table, it can be found that the most relevant is the station capacity, but based on factual judgment, weather and time data do affect people's travel willingness. In order to optimize the model, we choose to retain all the features for predictive modeling."
   ]
  },
  {
   "cell_type": "code",
   "execution_count": 8,
   "id": "5b29d592",
   "metadata": {
    "scrolled": true
   },
   "outputs": [
    {
     "data": {
      "text/html": [
       "<div>\n",
       "<style scoped>\n",
       "    .dataframe tbody tr th:only-of-type {\n",
       "        vertical-align: middle;\n",
       "    }\n",
       "\n",
       "    .dataframe tbody tr th {\n",
       "        vertical-align: top;\n",
       "    }\n",
       "\n",
       "    .dataframe thead th {\n",
       "        text-align: right;\n",
       "    }\n",
       "</style>\n",
       "<table border=\"1\" class=\"dataframe\">\n",
       "  <thead>\n",
       "    <tr style=\"text-align: right;\">\n",
       "      <th></th>\n",
       "      <th>available_bike_stands</th>\n",
       "      <th>bike_stands</th>\n",
       "      <th>weekday</th>\n",
       "      <th>hour</th>\n",
       "      <th>lat</th>\n",
       "      <th>lng</th>\n",
       "      <th>temp</th>\n",
       "      <th>pressure</th>\n",
       "      <th>wind_speed</th>\n",
       "      <th>humidity</th>\n",
       "    </tr>\n",
       "  </thead>\n",
       "  <tbody>\n",
       "    <tr>\n",
       "      <th>available_bike_stands</th>\n",
       "      <td>1.000000</td>\n",
       "      <td>0.543500</td>\n",
       "      <td>-0.017763</td>\n",
       "      <td>-0.001872</td>\n",
       "      <td>-0.009484</td>\n",
       "      <td>-0.059553</td>\n",
       "      <td>0.010108</td>\n",
       "      <td>-0.005231</td>\n",
       "      <td>0.010523</td>\n",
       "      <td>-0.013372</td>\n",
       "    </tr>\n",
       "    <tr>\n",
       "      <th>bike_stands</th>\n",
       "      <td>0.543500</td>\n",
       "      <td>1.000000</td>\n",
       "      <td>-0.009901</td>\n",
       "      <td>-0.004371</td>\n",
       "      <td>-0.130820</td>\n",
       "      <td>0.008519</td>\n",
       "      <td>0.003700</td>\n",
       "      <td>0.000327</td>\n",
       "      <td>0.001602</td>\n",
       "      <td>-0.000058</td>\n",
       "    </tr>\n",
       "    <tr>\n",
       "      <th>weekday</th>\n",
       "      <td>-0.017763</td>\n",
       "      <td>-0.009901</td>\n",
       "      <td>1.000000</td>\n",
       "      <td>0.019594</td>\n",
       "      <td>0.005032</td>\n",
       "      <td>-0.006838</td>\n",
       "      <td>-0.097666</td>\n",
       "      <td>0.088006</td>\n",
       "      <td>-0.134882</td>\n",
       "      <td>-0.137979</td>\n",
       "    </tr>\n",
       "    <tr>\n",
       "      <th>hour</th>\n",
       "      <td>-0.001872</td>\n",
       "      <td>-0.004371</td>\n",
       "      <td>0.019594</td>\n",
       "      <td>1.000000</td>\n",
       "      <td>-0.004180</td>\n",
       "      <td>0.008564</td>\n",
       "      <td>0.124020</td>\n",
       "      <td>0.018022</td>\n",
       "      <td>-0.097743</td>\n",
       "      <td>-0.176783</td>\n",
       "    </tr>\n",
       "    <tr>\n",
       "      <th>lat</th>\n",
       "      <td>-0.009484</td>\n",
       "      <td>-0.130820</td>\n",
       "      <td>0.005032</td>\n",
       "      <td>-0.004180</td>\n",
       "      <td>1.000000</td>\n",
       "      <td>-0.064561</td>\n",
       "      <td>-0.010877</td>\n",
       "      <td>0.001050</td>\n",
       "      <td>-0.002151</td>\n",
       "      <td>0.003933</td>\n",
       "    </tr>\n",
       "    <tr>\n",
       "      <th>lng</th>\n",
       "      <td>-0.059553</td>\n",
       "      <td>0.008519</td>\n",
       "      <td>-0.006838</td>\n",
       "      <td>0.008564</td>\n",
       "      <td>-0.064561</td>\n",
       "      <td>1.000000</td>\n",
       "      <td>0.015120</td>\n",
       "      <td>-0.001971</td>\n",
       "      <td>0.004602</td>\n",
       "      <td>-0.000828</td>\n",
       "    </tr>\n",
       "    <tr>\n",
       "      <th>temp</th>\n",
       "      <td>0.010108</td>\n",
       "      <td>0.003700</td>\n",
       "      <td>-0.097666</td>\n",
       "      <td>0.124020</td>\n",
       "      <td>-0.010877</td>\n",
       "      <td>0.015120</td>\n",
       "      <td>1.000000</td>\n",
       "      <td>-0.150843</td>\n",
       "      <td>0.406521</td>\n",
       "      <td>-0.342465</td>\n",
       "    </tr>\n",
       "    <tr>\n",
       "      <th>pressure</th>\n",
       "      <td>-0.005231</td>\n",
       "      <td>0.000327</td>\n",
       "      <td>0.088006</td>\n",
       "      <td>0.018022</td>\n",
       "      <td>0.001050</td>\n",
       "      <td>-0.001971</td>\n",
       "      <td>-0.150843</td>\n",
       "      <td>1.000000</td>\n",
       "      <td>-0.475726</td>\n",
       "      <td>-0.300929</td>\n",
       "    </tr>\n",
       "    <tr>\n",
       "      <th>wind_speed</th>\n",
       "      <td>0.010523</td>\n",
       "      <td>0.001602</td>\n",
       "      <td>-0.134882</td>\n",
       "      <td>-0.097743</td>\n",
       "      <td>-0.002151</td>\n",
       "      <td>0.004602</td>\n",
       "      <td>0.406521</td>\n",
       "      <td>-0.475726</td>\n",
       "      <td>1.000000</td>\n",
       "      <td>-0.060655</td>\n",
       "    </tr>\n",
       "    <tr>\n",
       "      <th>humidity</th>\n",
       "      <td>-0.013372</td>\n",
       "      <td>-0.000058</td>\n",
       "      <td>-0.137979</td>\n",
       "      <td>-0.176783</td>\n",
       "      <td>0.003933</td>\n",
       "      <td>-0.000828</td>\n",
       "      <td>-0.342465</td>\n",
       "      <td>-0.300929</td>\n",
       "      <td>-0.060655</td>\n",
       "      <td>1.000000</td>\n",
       "    </tr>\n",
       "  </tbody>\n",
       "</table>\n",
       "</div>"
      ],
      "text/plain": [
       "                       available_bike_stands  bike_stands   weekday      hour  \\\n",
       "available_bike_stands               1.000000     0.543500 -0.017763 -0.001872   \n",
       "bike_stands                         0.543500     1.000000 -0.009901 -0.004371   \n",
       "weekday                            -0.017763    -0.009901  1.000000  0.019594   \n",
       "hour                               -0.001872    -0.004371  0.019594  1.000000   \n",
       "lat                                -0.009484    -0.130820  0.005032 -0.004180   \n",
       "lng                                -0.059553     0.008519 -0.006838  0.008564   \n",
       "temp                                0.010108     0.003700 -0.097666  0.124020   \n",
       "pressure                           -0.005231     0.000327  0.088006  0.018022   \n",
       "wind_speed                          0.010523     0.001602 -0.134882 -0.097743   \n",
       "humidity                           -0.013372    -0.000058 -0.137979 -0.176783   \n",
       "\n",
       "                            lat       lng      temp  pressure  wind_speed  \\\n",
       "available_bike_stands -0.009484 -0.059553  0.010108 -0.005231    0.010523   \n",
       "bike_stands           -0.130820  0.008519  0.003700  0.000327    0.001602   \n",
       "weekday                0.005032 -0.006838 -0.097666  0.088006   -0.134882   \n",
       "hour                  -0.004180  0.008564  0.124020  0.018022   -0.097743   \n",
       "lat                    1.000000 -0.064561 -0.010877  0.001050   -0.002151   \n",
       "lng                   -0.064561  1.000000  0.015120 -0.001971    0.004602   \n",
       "temp                  -0.010877  0.015120  1.000000 -0.150843    0.406521   \n",
       "pressure               0.001050 -0.001971 -0.150843  1.000000   -0.475726   \n",
       "wind_speed            -0.002151  0.004602  0.406521 -0.475726    1.000000   \n",
       "humidity               0.003933 -0.000828 -0.342465 -0.300929   -0.060655   \n",
       "\n",
       "                       humidity  \n",
       "available_bike_stands -0.013372  \n",
       "bike_stands           -0.000058  \n",
       "weekday               -0.137979  \n",
       "hour                  -0.176783  \n",
       "lat                    0.003933  \n",
       "lng                   -0.000828  \n",
       "temp                  -0.342465  \n",
       "pressure              -0.300929  \n",
       "wind_speed            -0.060655  \n",
       "humidity               1.000000  "
      ]
     },
     "execution_count": 8,
     "metadata": {},
     "output_type": "execute_result"
    }
   ],
   "source": [
    "station_weather_20percent.loc[:,('available_bike_stands','bike_stands', 'weekday', 'hour', 'lat', 'lng', 'temp', 'pressure', 'wind_speed','humidity')].corr()"
   ]
  },
  {
   "cell_type": "markdown",
   "id": "a8b5644d",
   "metadata": {},
   "source": [
    "### merge data normalization"
   ]
  },
  {
   "cell_type": "code",
   "execution_count": 9,
   "id": "b658700a",
   "metadata": {},
   "outputs": [
    {
     "data": {
      "text/html": [
       "<div>\n",
       "<style scoped>\n",
       "    .dataframe tbody tr th:only-of-type {\n",
       "        vertical-align: middle;\n",
       "    }\n",
       "\n",
       "    .dataframe tbody tr th {\n",
       "        vertical-align: top;\n",
       "    }\n",
       "\n",
       "    .dataframe thead th {\n",
       "        text-align: right;\n",
       "    }\n",
       "</style>\n",
       "<table border=\"1\" class=\"dataframe\">\n",
       "  <thead>\n",
       "    <tr style=\"text-align: right;\">\n",
       "      <th></th>\n",
       "      <th>available_bike_stands</th>\n",
       "      <th>bike_stands</th>\n",
       "      <th>weekday</th>\n",
       "      <th>hour</th>\n",
       "      <th>lat</th>\n",
       "      <th>lng</th>\n",
       "      <th>temp</th>\n",
       "      <th>pressure</th>\n",
       "      <th>wind_speed</th>\n",
       "      <th>humidity</th>\n",
       "    </tr>\n",
       "  </thead>\n",
       "  <tbody>\n",
       "    <tr>\n",
       "      <th>0</th>\n",
       "      <td>-0.03992</td>\n",
       "      <td>0.042972</td>\n",
       "      <td>0.354376</td>\n",
       "      <td>0.187502</td>\n",
       "      <td>-0.258926</td>\n",
       "      <td>0.007787</td>\n",
       "      <td>-0.017031</td>\n",
       "      <td>-0.198707</td>\n",
       "      <td>-0.092387</td>\n",
       "      <td>0.121311</td>\n",
       "    </tr>\n",
       "    <tr>\n",
       "      <th>1</th>\n",
       "      <td>-0.03992</td>\n",
       "      <td>0.042972</td>\n",
       "      <td>0.354376</td>\n",
       "      <td>0.274459</td>\n",
       "      <td>-0.156885</td>\n",
       "      <td>0.042793</td>\n",
       "      <td>0.008398</td>\n",
       "      <td>-0.237168</td>\n",
       "      <td>-0.061870</td>\n",
       "      <td>0.221311</td>\n",
       "    </tr>\n",
       "    <tr>\n",
       "      <th>2</th>\n",
       "      <td>-0.08992</td>\n",
       "      <td>0.042972</td>\n",
       "      <td>0.354376</td>\n",
       "      <td>0.274459</td>\n",
       "      <td>-0.156885</td>\n",
       "      <td>0.042793</td>\n",
       "      <td>0.008398</td>\n",
       "      <td>-0.237168</td>\n",
       "      <td>-0.061870</td>\n",
       "      <td>0.221311</td>\n",
       "    </tr>\n",
       "    <tr>\n",
       "      <th>3</th>\n",
       "      <td>-0.06492</td>\n",
       "      <td>0.042972</td>\n",
       "      <td>0.354376</td>\n",
       "      <td>0.404894</td>\n",
       "      <td>-0.258926</td>\n",
       "      <td>0.007787</td>\n",
       "      <td>0.162880</td>\n",
       "      <td>-0.294860</td>\n",
       "      <td>0.179327</td>\n",
       "      <td>0.261311</td>\n",
       "    </tr>\n",
       "    <tr>\n",
       "      <th>4</th>\n",
       "      <td>-0.08992</td>\n",
       "      <td>0.042972</td>\n",
       "      <td>0.354376</td>\n",
       "      <td>0.404894</td>\n",
       "      <td>-0.258926</td>\n",
       "      <td>0.007787</td>\n",
       "      <td>0.162880</td>\n",
       "      <td>-0.294860</td>\n",
       "      <td>0.179327</td>\n",
       "      <td>0.261311</td>\n",
       "    </tr>\n",
       "  </tbody>\n",
       "</table>\n",
       "</div>"
      ],
      "text/plain": [
       "   available_bike_stands  bike_stands   weekday      hour       lat       lng  \\\n",
       "0               -0.03992     0.042972  0.354376  0.187502 -0.258926  0.007787   \n",
       "1               -0.03992     0.042972  0.354376  0.274459 -0.156885  0.042793   \n",
       "2               -0.08992     0.042972  0.354376  0.274459 -0.156885  0.042793   \n",
       "3               -0.06492     0.042972  0.354376  0.404894 -0.258926  0.007787   \n",
       "4               -0.08992     0.042972  0.354376  0.404894 -0.258926  0.007787   \n",
       "\n",
       "       temp  pressure  wind_speed  humidity  \n",
       "0 -0.017031 -0.198707   -0.092387  0.121311  \n",
       "1  0.008398 -0.237168   -0.061870  0.221311  \n",
       "2  0.008398 -0.237168   -0.061870  0.221311  \n",
       "3  0.162880 -0.294860    0.179327  0.261311  \n",
       "4  0.162880 -0.294860    0.179327  0.261311  "
      ]
     },
     "execution_count": 9,
     "metadata": {},
     "output_type": "execute_result"
    }
   ],
   "source": [
    "station_weather_20percent_normal = station_weather_20percent.loc[:,('available_bike_stands','bike_stands', 'weekday', 'hour', 'lat', 'lng', 'temp', 'pressure', 'wind_speed','humidity')]\n",
    "station_weather_20percent_normal = (station_weather_20percent_normal - station_weather_20percent_normal.mean()) / (station_weather_20percent_normal.max() - station_weather_20percent_normal.min())\n",
    "station_weather_20percent_normal.head()"
   ]
  },
  {
   "cell_type": "code",
   "execution_count": 10,
   "id": "67497f29",
   "metadata": {
    "scrolled": true
   },
   "outputs": [
    {
     "data": {
      "text/html": [
       "<div>\n",
       "<style scoped>\n",
       "    .dataframe tbody tr th:only-of-type {\n",
       "        vertical-align: middle;\n",
       "    }\n",
       "\n",
       "    .dataframe tbody tr th {\n",
       "        vertical-align: top;\n",
       "    }\n",
       "\n",
       "    .dataframe thead th {\n",
       "        text-align: right;\n",
       "    }\n",
       "</style>\n",
       "<table border=\"1\" class=\"dataframe\">\n",
       "  <thead>\n",
       "    <tr style=\"text-align: right;\">\n",
       "      <th></th>\n",
       "      <th>available_bike_stands</th>\n",
       "      <th>bike_stands</th>\n",
       "      <th>weekday</th>\n",
       "      <th>hour</th>\n",
       "      <th>lat</th>\n",
       "      <th>lng</th>\n",
       "      <th>temp</th>\n",
       "      <th>pressure</th>\n",
       "      <th>wind_speed</th>\n",
       "      <th>humidity</th>\n",
       "    </tr>\n",
       "  </thead>\n",
       "  <tbody>\n",
       "    <tr>\n",
       "      <th>0</th>\n",
       "      <td>-0.03992</td>\n",
       "      <td>0.042972</td>\n",
       "      <td>0.354376</td>\n",
       "      <td>0.187502</td>\n",
       "      <td>-0.258926</td>\n",
       "      <td>0.007787</td>\n",
       "      <td>-0.017031</td>\n",
       "      <td>-0.198707</td>\n",
       "      <td>-0.092387</td>\n",
       "      <td>0.121311</td>\n",
       "    </tr>\n",
       "    <tr>\n",
       "      <th>1</th>\n",
       "      <td>-0.03992</td>\n",
       "      <td>0.042972</td>\n",
       "      <td>0.354376</td>\n",
       "      <td>0.274459</td>\n",
       "      <td>-0.156885</td>\n",
       "      <td>0.042793</td>\n",
       "      <td>0.008398</td>\n",
       "      <td>-0.237168</td>\n",
       "      <td>-0.061870</td>\n",
       "      <td>0.221311</td>\n",
       "    </tr>\n",
       "    <tr>\n",
       "      <th>2</th>\n",
       "      <td>-0.08992</td>\n",
       "      <td>0.042972</td>\n",
       "      <td>0.354376</td>\n",
       "      <td>0.274459</td>\n",
       "      <td>-0.156885</td>\n",
       "      <td>0.042793</td>\n",
       "      <td>0.008398</td>\n",
       "      <td>-0.237168</td>\n",
       "      <td>-0.061870</td>\n",
       "      <td>0.221311</td>\n",
       "    </tr>\n",
       "    <tr>\n",
       "      <th>3</th>\n",
       "      <td>-0.06492</td>\n",
       "      <td>0.042972</td>\n",
       "      <td>0.354376</td>\n",
       "      <td>0.404894</td>\n",
       "      <td>-0.258926</td>\n",
       "      <td>0.007787</td>\n",
       "      <td>0.162880</td>\n",
       "      <td>-0.294860</td>\n",
       "      <td>0.179327</td>\n",
       "      <td>0.261311</td>\n",
       "    </tr>\n",
       "    <tr>\n",
       "      <th>4</th>\n",
       "      <td>-0.08992</td>\n",
       "      <td>0.042972</td>\n",
       "      <td>0.354376</td>\n",
       "      <td>0.404894</td>\n",
       "      <td>-0.258926</td>\n",
       "      <td>0.007787</td>\n",
       "      <td>0.162880</td>\n",
       "      <td>-0.294860</td>\n",
       "      <td>0.179327</td>\n",
       "      <td>0.261311</td>\n",
       "    </tr>\n",
       "  </tbody>\n",
       "</table>\n",
       "</div>"
      ],
      "text/plain": [
       "   available_bike_stands  bike_stands   weekday      hour       lat       lng  \\\n",
       "0               -0.03992     0.042972  0.354376  0.187502 -0.258926  0.007787   \n",
       "1               -0.03992     0.042972  0.354376  0.274459 -0.156885  0.042793   \n",
       "2               -0.08992     0.042972  0.354376  0.274459 -0.156885  0.042793   \n",
       "3               -0.06492     0.042972  0.354376  0.404894 -0.258926  0.007787   \n",
       "4               -0.08992     0.042972  0.354376  0.404894 -0.258926  0.007787   \n",
       "\n",
       "       temp  pressure  wind_speed  humidity  \n",
       "0 -0.017031 -0.198707   -0.092387  0.121311  \n",
       "1  0.008398 -0.237168   -0.061870  0.221311  \n",
       "2  0.008398 -0.237168   -0.061870  0.221311  \n",
       "3  0.162880 -0.294860    0.179327  0.261311  \n",
       "4  0.162880 -0.294860    0.179327  0.261311  "
      ]
     },
     "execution_count": 10,
     "metadata": {},
     "output_type": "execute_result"
    }
   ],
   "source": [
    "#drop nan values\n",
    "station_weather_20percent_normal = station_weather_20percent_normal.dropna()\n",
    "station_weather_20percent_normal.head()"
   ]
  },
  {
   "cell_type": "code",
   "execution_count": 11,
   "id": "954505ae",
   "metadata": {},
   "outputs": [
    {
     "data": {
      "text/plain": [
       "(97452, 10)"
      ]
     },
     "execution_count": 11,
     "metadata": {},
     "output_type": "execute_result"
    }
   ],
   "source": [
    "station_weather_20percent_normal.shape"
   ]
  },
  {
   "cell_type": "markdown",
   "id": "7dbdf127",
   "metadata": {},
   "source": [
    "## Model Compare : Sample 20% of the whole dataset to prediction"
   ]
  },
  {
   "cell_type": "markdown",
   "id": "811dee1f",
   "metadata": {},
   "source": [
    "### Neural Network"
   ]
  },
  {
   "cell_type": "code",
   "execution_count": 12,
   "id": "4cfeffd5",
   "metadata": {
    "scrolled": true
   },
   "outputs": [],
   "source": [
    "from sklearn.model_selection import train_test_split\n",
    "from sklearn.neural_network import MLPRegressor\n",
    "from sklearn.ensemble import RandomForestRegressor\n",
    "from sklearn.linear_model import LinearRegression\n",
    "from sklearn.metrics import mean_squared_error\n",
    "import numpy as np\n",
    "X = station_weather_20percent_normal.loc[:,('bike_stands','weekday', 'hour', 'lat', 'lng', 'temp', 'pressure', 'wind_speed','humidity')]\n",
    "y = station_weather_20percent_normal.loc[:,('available_bike_stands')]\n",
    "# train and test set division\n",
    "X_train, X_test, y_train, y_test = train_test_split(X, y, test_size=0.2, random_state=0)"
   ]
  },
  {
   "cell_type": "code",
   "execution_count": 13,
   "id": "b309b2b1",
   "metadata": {},
   "outputs": [
    {
     "data": {
      "text/plain": [
       "0.0657361644944854"
      ]
     },
     "execution_count": 13,
     "metadata": {},
     "output_type": "execute_result"
    }
   ],
   "source": [
    "# NN for parameter regression\n",
    "NN_model = MLPRegressor(solver = \"lbfgs\", max_iter = 10000, hidden_layer_sizes=(100,50), random_state=100)\n",
    "NN_model.fit(X_train, y_train)\n",
    "NN_prediction = NN_model.predict(X_test)\n",
    "NN_prediction = np.around(NN_prediction)\n",
    "mse_NN = mean_squared_error(NN_prediction, y_test)\n",
    "mse_NN"
   ]
  },
  {
   "cell_type": "code",
   "execution_count": 14,
   "id": "0aaa5330",
   "metadata": {},
   "outputs": [],
   "source": [
    "# calculate the real value\n",
    "initial = station_weather_20percent.loc[:,('available_bike_stands')]\n",
    "y_real = y_test * (initial.max()-initial.min()) + initial.mean()\n",
    "NN_prediction_real = NN_prediction * (initial.max()-initial.min()) + initial.mean()"
   ]
  },
  {
   "cell_type": "code",
   "execution_count": 31,
   "id": "8fa9eff4",
   "metadata": {},
   "outputs": [
    {
     "data": {
      "text/html": [
       "<div>\n",
       "<style scoped>\n",
       "    .dataframe tbody tr th:only-of-type {\n",
       "        vertical-align: middle;\n",
       "    }\n",
       "\n",
       "    .dataframe tbody tr th {\n",
       "        vertical-align: top;\n",
       "    }\n",
       "\n",
       "    .dataframe thead th {\n",
       "        text-align: right;\n",
       "    }\n",
       "</style>\n",
       "<table border=\"1\" class=\"dataframe\">\n",
       "  <thead>\n",
       "    <tr style=\"text-align: right;\">\n",
       "      <th></th>\n",
       "      <th>number</th>\n",
       "      <th>NN_Predict</th>\n",
       "      <th>NN_Actual</th>\n",
       "      <th>NN_error</th>\n",
       "    </tr>\n",
       "  </thead>\n",
       "  <tbody>\n",
       "    <tr>\n",
       "      <th>35324</th>\n",
       "      <td>11</td>\n",
       "      <td>18.596807</td>\n",
       "      <td>28.0</td>\n",
       "      <td>9.403193</td>\n",
       "    </tr>\n",
       "    <tr>\n",
       "      <th>30969</th>\n",
       "      <td>68</td>\n",
       "      <td>18.596807</td>\n",
       "      <td>37.0</td>\n",
       "      <td>18.403193</td>\n",
       "    </tr>\n",
       "    <tr>\n",
       "      <th>14851</th>\n",
       "      <td>61</td>\n",
       "      <td>18.596807</td>\n",
       "      <td>20.0</td>\n",
       "      <td>1.403193</td>\n",
       "    </tr>\n",
       "    <tr>\n",
       "      <th>93467</th>\n",
       "      <td>59</td>\n",
       "      <td>18.596807</td>\n",
       "      <td>15.0</td>\n",
       "      <td>3.596807</td>\n",
       "    </tr>\n",
       "    <tr>\n",
       "      <th>574</th>\n",
       "      <td>54</td>\n",
       "      <td>18.596807</td>\n",
       "      <td>10.0</td>\n",
       "      <td>8.596807</td>\n",
       "    </tr>\n",
       "    <tr>\n",
       "      <th>...</th>\n",
       "      <td>...</td>\n",
       "      <td>...</td>\n",
       "      <td>...</td>\n",
       "      <td>...</td>\n",
       "    </tr>\n",
       "    <tr>\n",
       "      <th>67718</th>\n",
       "      <td>4</td>\n",
       "      <td>18.596807</td>\n",
       "      <td>12.0</td>\n",
       "      <td>6.596807</td>\n",
       "    </tr>\n",
       "    <tr>\n",
       "      <th>22394</th>\n",
       "      <td>42</td>\n",
       "      <td>18.596807</td>\n",
       "      <td>3.0</td>\n",
       "      <td>15.596807</td>\n",
       "    </tr>\n",
       "    <tr>\n",
       "      <th>57550</th>\n",
       "      <td>29</td>\n",
       "      <td>18.596807</td>\n",
       "      <td>14.0</td>\n",
       "      <td>4.596807</td>\n",
       "    </tr>\n",
       "    <tr>\n",
       "      <th>52991</th>\n",
       "      <td>96</td>\n",
       "      <td>18.596807</td>\n",
       "      <td>25.0</td>\n",
       "      <td>6.403193</td>\n",
       "    </tr>\n",
       "    <tr>\n",
       "      <th>74281</th>\n",
       "      <td>6</td>\n",
       "      <td>18.596807</td>\n",
       "      <td>13.0</td>\n",
       "      <td>5.596807</td>\n",
